
76 1 0
76 0 0
76 1 0
76 0 0
76 1 0
79 0 0
218 1 0
218 0 0
341 1 0
343 0 0
400 1 0
401 0 0
455 1 0
477 0 0
605 1 0
605 0 0
638 1 0
639 0 0
726 1 0
726 0 0
775 1 0
776 0 0
838 1 0
838 0 0
868 1 0
868 0 0
902 1 0
902 0 0
1030 1 0
1030 0 0
1030 1 0
1030 0 0
1030 1 0
1199 0 0
1204 1 0
1218 0 0
1272 1 0
1313 0 0
1321 1 0
1322 0 0
1359 1 0
1359 0 0
1408 1 0
1408 0 0
1408 1 0
1408 0 0
1408 1 0
1420 0 0
1519 1 0
1519 0 0
1542 1 0
1542 0 0
1568 1 0
1568 0 0
1600 1 0
1600 0 0
1620 1 0
1620 0 0
1743 1 0
1743 0 0
1743 1 0
1743 0 0
1743 1 0
1746 0 0
1830 1 0
1830 0 0
1898 1 0
1898 0 0
1898 1 0
1898 0 0
1898 1 0
1905 0 0
2017 1 0
2017 0 0
2017 1 0
2017 0 0
2017 1 0
2022 0 0
2114 1 0
2129 0 0
2189 1 0
2189 0 0
2289 1 0
2290 0 0
2379 1 0
2379 0 0
2433 1 0
2434 0 0
2468 1 0
2468 0 0
2468 1 0
2468 0 0
2588 1 0
2588 0 0
2623 1 0
2623 0 0
2675 1 0
2675 0 0
2706 1 0
2706 0 0
2773 1 0
2773 0 0
2814 1 0
2814 0 0
2869 1 0
2869 0 0
2965 1 0
2966 0 0
3048 1 0
3048 0 0
3075 1 0
3075 0 0
3102 1 0
3102 0 0
3129 1 0
3129 0 0
3167 1 0
3243 0 0
3293 1 0
3309 0 0
3327 1 0
3339 0 0
3391 1 0
3430 0 0
3449 1 0
3487 0 0
3501 1 0
3502 0 0
3538 1 0
3565 0 0
3607 1 0
3647 0 0
3675 1 0
3718 0 0
3744 1 0
3759 0 0
3790 1 0
3790 0 0
3802 1 0
3825 0 0
3855 1 0
3855 0 0
3892 1 0
3892 0 0
3922 1 0
3922 0 0
3958 1 0
3960 0 0
4017 1 0
4080 0 0
4137 1 0
4148 0 0
4176 1 0
4226 0 0
4252 1 0
4334 0 0
4369 1 0
4370 0 0
4413 1 0
4414 0 0
4462 1 0
4462 0 0
4478 1 0
4498 0 0
4515 1 0
4559 0 0
4641 1 0
4649 0 0
4670 1 0
4670 0 0
4729 1 0
4729 0 0
4762 1 0
4763 0 0
4783 1 0
4783 0 0
4814 1 0
4814 0 0
4814 1 0
4814 0 0
4814 1 0
4815 0 0
4833 1 0
4834 0 0
4895 1 0
4895 0 0
4913 1 0
4913 0 0
5023 1 0
5023 0 0
5053 1 0
5053 0 0
5084 1 0
5084 0 0
5099 1 0
5099 0 0
5114 1 0
5114 0 0
5139 1 0
5225 0 0
5258 1 0
5258 0 0
5258 1 0
5258 0 0
5258 1 0
5292 0 0
5308 1 0
5313 0 0
5349 1 0
5349 0 0
5349 1 0
5349 0 0
5349 1 0
5400 0 0
5405 1 0
5441 0 0
5454 1 0
5484 0 0
5518 1 0
5518 0 0
5518 1 0
5518 0 0
5518 1 0
5557 0 0
5584 1 0
5593 0 0
5621 1 0
5639 0 0
5644 1 0
5659 0 0
5664 1 0
5679 0 0
5684 1 0
5699 0 0
5734 1 0
5760 0 0
5777 1 0
5795 0 0
5826 1 0
5826 0 0
5826 1 0
5826 0 0
5826 1 0
5872 0 0
5906 1 0
5910 0 0
5924 1 0
5924 0 0
5924 1 0
5924 0 0
5924 1 0
5952 0 0
5968 1 0
5968 0 0
5968 1 0
5984 0 0
6014 1 0
6014 0 0
6014 1 0
6046 0 0
6061 1 0
6061 0 0
6061 1 0
6100 0 0
6122 1 0
6122 0 0
6122 1 0
6151 0 0
6182 1 0
6182 0 0
6182 1 0
6197 0 0
6204 1 0
6219 0 0
6234 1 0
6234 0 0
6234 1 0
6246 0 0
6250 1 0
6269 0 0
6282 1 0
6295 0 0
6331 1 0
6341 0 0
6353 1 0
6353 0 0
6353 1 0
6384 0 0
6415 1 0
6415 0 0
6415 1 0
6430 0 0
6446 1 0
6446 0 0
6446 1 0
6463 0 0
6483 1 0
6504 0 0
6513 1 0
6533 0 0
6606 1 0
6606 0 0
6606 1 0
6606 0 0
6606 1 0
6607 0 0
6630 1 0
6632 0 0
6662 1 0
6671 0 0
6695 1 0
6695 0 0
6747 1 0
6747 0 0
6747 1 0
6748 0 0
6774 1 0
6774 0 0
6807 1 0
6807 0 0
6822 1 0
6822 0 0
6838 1 0
6838 0 0
6858 1 0
6858 0 0
6863 1 0
6863 0 0
6876 1 0
6877 0 0
6890 1 0
6890 0 0
6913 1 0
6913 0 0
6913 1 0
6913 0 0
6913 1 0
6914 0 0
6963 1 0
7014 0 0
7017 1 0
7017 0 0
7026 1 0
7026 0 0
7032 1 0
7032 0 0
7048 1 0
7063 0 0
7083 1 0
7084 0 0
7139 1 0
7139 0 0
7139 1 0
7139 0 0
7139 1 0
7140 0 0
7191 1 0
7192 0 0
7226 1 0
7226 0 0
7252 1 0
7252 0 0
7268 1 0
7269 0 0
7284 1 0
7284 0 0
7299 1 0
7317 0 0
7414 1 0
7414 0 0
7467 1 0
7467 0 0
7528 1 0
7528 0 0
7545 1 0
7545 0 0
7599 1 0
7599 0 0
7622 1 0
7622 0 0
7668 1 0
7668 0 0
7675 1 0
7677 0 0
7739 1 0
7739 0 0
7760 1 0
7761 0 0
7939 1 0
7939 0 0
7939 1 0
7939 0 0
7939 1 0
7947 0 0
8041 1 0
8042 0 0
8060 1 0
8065 0 0
8181 1 0
8181 0 0
8199 1 0
8199 0 0
8216 1 0
8216 0 0
8233 1 0
8233 0 0
8250 1 0
8250 0 0
8267 1 0
8267 0 0
8284 1 0
8284 0 0
8301 1 0
8301 0 0
8318 1 0
8318 0 0
8335 1 0
8335 0 0
8352 1 0
8352 0 0
8368 1 0
8368 0 0
8444 1 0
8446 0 0
8473 1 0
8487 0 0
8495 1 0
8496 0 0
8514 1 0
8515 0 0
8540 1 0
8558 0 0
8569 1 0
8572 0 0
8633 1 0
8636 0 0
8647 1 0
8648 0 0
8699 1 0
8705 0 0
8787 1 0
8787 0 0
8844 1 0
8845 0 0
8900 1 0
8901 0 0
8934 1 0
8950 0 0
8954 1 0
8972 0 0
9021 1 0
9022 0 0
9031 1 0
9032 0 0
9051 1 0
9052 0 0
9094 1 0
9095 0 0
9137 1 0
9138 0 0
9193 1 0
9194 0 0
9236 1 0
9237 0 0
9284 1 0
9285 0 0
9328 1 0
9340 0 0
9373 1 0
9374 0 0
9410 1 0
9411 0 0
9467 1 0
9482 0 0
9484 1 0
9526 0 0
9533 1 0
9536 0 0
9563 1 0
9563 0 0
9563 1 0
9566 0 0
9590 1 0
9590 0 0
9590 1 0
9592 0 0
9614 1 0
9614 0 0
9614 1 0
9615 0 0
9639 1 0
9639 0 0
9639 1 0
9641 0 0
9693 1 0
9709 0 0
9711 1 0
9712 0 0
9740 1 0
9757 0 0
9777 1 0
9785 0 0
9787 1 0
9802 0 0
9814 1 0
9815 0 0
9847 1 0
9847 0 0
9888 1 0
9888 0 0
9888 1 0
9889 0 0
9924 1 0
9924 0 0
9952 1 0
9953 0 0
9961 1 0
9962 0 0
9973 1 0
9977 0 0
9998 1 0
9999 0 0
10015 1 0
10016 0 0
10045 1 0
10046 0 0
10080 1 0
10080 0 0
10080 1 0
10080 0 0
10080 1 0
10084 0 0
10101 1 0
10102 0 0
10122 1 0
10123 0 0
10139 1 0
10140 0 0
10165 1 0
10166 0 0
10203 1 0
10204 0 0
10241 1 0
10242 0 0
10278 1 0
10279 0 0
10387 1 1
10387 0 1
10390 1 0
10390 0 0
10423 1 0
10423 0 0
10427 1 1
10427 0 1
10438 1 0
10438 0 0
10444 1 1
10444 0 1
10464 1 0
10464 1 1
10464 0 0
10464 0 1
10491 1 0
10491 1 1
10491 0 0
10491 0 1
10515 1 0
10515 1 1
10515 0 0
10516 0 1
10540 1 0
10540 1 1
10540 0 0
10541 0 1
10566 1 0
10566 1 1
10566 0 0
10566 0 1
10573 1 0
10573 1 1
10573 0 1
10573 0 0
10594 1 0
10617 0 0
10636 1 0
10636 1 1
10637 0 0
10637 0 1
10661 1 0
10661 1 1
10661 0 0
10661 0 1
10684 1 0
10684 1 1
10684 0 0
10684 0 1
10714 1 0
10714 1 1
10714 0 0
10714 0 1
10739 1 0
10739 1 1
10739 0 0
10739 0 1
10764 1 0
10764 1 1
10764 0 0
10764 0 1
10805 1 1
10805 0 1
10828 1 0
10829 0 0
10860 1 1
10860 0 1
10861 1 0
10862 0 0
10881 1 0
10881 0 0
10894 1 0
10895 0 0
10908 1 1
10908 0 1
10915 1 0
10916 0 0
10953 1 1
10953 0 1
10967 1 1
10967 0 1
10971 1 0
10971 0 0
11003 1 0
11003 0 0
11005 1 1
11005 0 1
11017 1 1
11018 0 1
11043 1 0
11043 0 0
11054 1 0
11054 1 1
11054 0 1
11054 0 0
11065 1 0
11065 1 1
11065 0 0
11065 0 1
11081 1 0
11081 1 1
11081 0 0
11081 0 1
11091 1 0
11091 1 1
11091 0 0
11091 0 1
11116 1 0
11116 1 1
11116 0 0
11116 0 1
11141 1 0
11141 1 1
11141 0 0
11141 0 1
11166 1 0
11166 1 1
11166 0 0
11166 0 1
11224 1 0
11262 0 0
11355 1 1
11355 0 1
11355 1 1
11358 1 0
11365 0 0
11379 0 1
11381 1 0
11396 1 1
11397 0 0
11410 0 1
11412 1 0
11412 0 0
11416 1 0
11417 1 1
11423 0 1
11432 1 1
11437 0 0
11441 0 1
11456 1 0
11456 1 1
11466 0 1
11468 0 0
11480 1 0
11480 1 1
11490 0 1
11494 0 0
11495 1 1
11495 0 1
11505 1 1
11515 0 1
11517 1 0
11521 0 0
11530 1 0
11531 1 1
11542 0 1
11544 0 0
11556 1 1
11556 1 0
11559 0 0
11560 1 0
11560 0 1
11560 0 0
11560 1 1
11568 1 0
11581 0 1
11586 0 0
11596 1 1
11606 1 0
11606 0 1
11620 0 0
11631 1 1
11640 0 1
11640 1 1
11644 0 1
11644 1 0
11649 1 1
11649 0 0
11655 1 0
11663 0 1
11677 0 0
11677 1 1
11677 0 1
11677 1 1
11682 1 0
11693 0 0
11705 1 0
11705 0 0
11705 1 0
11706 0 1
11718 0 0
11731 1 0
11731 1 1
11731 0 1
11731 1 1
11738 0 1
11744 0 0
11756 1 0
11756 1 1
11768 0 0
11780 0 1
11781 1 0
11793 1 1
11794 0 0
11806 1 0
11810 0 1
11818 0 0
11831 1 0
11846 1 1
11864 0 0
11864 0 1
11868 1 0
11877 1 1
11882 0 0
11887 0 1
11893 1 0
11906 0 0
11918 1 0
11930 0 0
11942 1 1
11942 0 1
11942 1 1
11942 0 1
11942 1 1
11952 1 0
11967 0 1
11970 0 0
11977 1 0
11978 0 0
11988 1 0
12003 0 0
12025 1 0
12035 0 0
12062 1 0
12078 0 0
12093 1 0
12105 0 0
12118 1 0
12131 0 0
12143 1 0
12155 0 0
12168 1 0
12180 0 0
12193 1 0
12209 0 0
12226 1 0
12242 0 0
12247 1 0
12268 0 0
12277 1 0
12287 0 0
12303 1 0
12308 0 0
12318 1 0
12323 0 0
12333 1 0
12342 0 0
12347 1 0
12365 0 0
12370 1 0
12381 0 0
12392 1 0
12397 0 0
12422 1 0
12431 0 0
12443 1 0
12458 0 0
12468 1 0
12480 0 0
12488 1 0
12495 0 0
12501 1 0
12505 0 0
12512 1 0
12524 0 0
12537 1 0
12550 0 0
12562 1 0
12574 0 0
12586 1 0
12599 0 0
12625 1 0
12642 0 0
12660 1 0
12673 0 0
12685 1 0
12693 0 0
12701 1 0
12712 0 0
12723 1 0
12735 0 0
12747 1 0
12761 0 0
12773 1 0
12784 0 0
12792 1 0
12799 0 0
12805 1 0
12812 0 0
12823 1 0
12831 0 0
12839 1 0
12850 0 0
12862 1 0
12879 0 0
12902 1 0
12903 0 0
12903 1 0
12913 0 0
12931 1 0
12931 0 0
12931 1 0
12931 0 0
12931 1 0
12957 0 0
12976 1 0
12993 0 0
13015 1 0
13027 0 0
13037 1 0
13052 0 0
13064 1 0
13071 0 0
13085 1 0
13103 0 0
13113 1 0
13129 0 0
13138 1 0
13142 0 0
13153 1 0
13160 0 0
13164 1 0
13175 0 0
13183 1 0
13196 0 0
13205 1 0
13214 0 0
13217 1 0
13233 0 0
13240 1 0
13255 0 0
13270 1 0
13283 0 0
13296 1 0
13308 0 0
13320 1 0
13333 0 0
13346 1 0
13358 0 0
13370 1 0
13383 0 0
13396 1 0
13408 0 0
13420 1 0
13433 0 0
13446 1 0
13458 0 0
13470 1 0
13480 0 0
13534 1 0
13534 0 0
13560 1 0
13560 0 0
13586 1 0
13587 0 0
13616 1 0
13617 0 0
13656 1 0
13659 0 0
13689 1 0
13714 0 0
13719 1 0
13719 0 0
13719 1 0
13719 0 0
13719 1 0
13720 0 0
13782 1 0
13815 0 0
13834 1 0
13843 0 0
13910 1 0
13910 0 0
13910 1 0
13910 0 0
13910 1 0
13925 0 0
14007 1 0
14007 0 0
14007 1 0
14007 0 0
14007 1 0
14009 0 0
14056 1 0
14056 0 0
14056 1 0
14056 0 0
14056 1 0
14063 0 0
14172 1 0
14172 0 0
14172 1 0
14172 0 0
14172 1 0
14187 0 0
14215 1 0
14215 0 0
14239 1 0
14239 0 0
14256 1 0
14272 0 0
14282 1 0
14282 0 0
14282 1 0
14282 0 0
14282 1 0
14312 0 0
14318 1 0
14318 0 0
14347 1 0
14347 0 0
14359 1 0
14376 0 0
14384 1 0
14384 0 0
14384 1 0
14384 0 0
14384 1 0
14388 0 0
14433 1 0
14433 0 0
14433 1 0
14433 0 0
14433 1 0
14443 0 0
14476 1 0
14503 0 0
14506 1 0
14517 0 0
14544 1 0
14544 0 0
14544 1 0
14544 0 0
14544 1 0
14566 0 0
14633 1 0
14633 0 0
14653 1 0
14653 0 0
14673 1 0
14673 0 0
14693 1 0
14693 0 0
14713 1 0
14713 0 0
14733 1 0
14733 0 0
14753 1 0
14753 0 0
14773 1 0
14773 0 0
14793 1 0
14793 0 0
14808 1 0
14808 0 0
14867 1 0
14867 0 0
14867 1 0
14867 0 0
14867 1 0
14878 0 0
14948 1 0
14948 0 0
14948 1 0
14948 0 0
14948 1 0
14948 0 0
14991 1 0
14991 0 0
14991 1 0
14991 0 0
14991 1 0
14991 0 0
15071 1 0
15071 0 0
15089 1 0
15089 0 0
15125 1 0
15125 0 0
15125 1 0
15125 0 0
15125 1 0
15127 0 0
15162 1 0
15162 0 0
15162 1 0
15162 0 0
15162 1 0
15165 0 0
15201 1 0
15201 0 0
15201 1 0
15201 0 0
15201 1 0
15208 0 0
15295 1 0
15295 0 0
15319 1 0
15319 0 0
15341 1 0
15341 0 0
15375 1 0
15375 0 0
15375 1 0
15375 0 0
15375 1 0
15382 0 0
15488 1 0
15488 0 0
15505 1 0
15507 0 0
15518 1 0
15518 0 0
15518 1 0
15518 0 0
15518 1 0
15521 0 0
15626 1 0
15626 0 0
15674 1 0
15674 0 0
15719 1 0
15721 0 0
15739 1 0
15740 0 0
15760 1 0
15760 0 0
15760 1 0
15760 0 0
15760 1 0
15764 0 0
15867 1 0
15867 0 0
15867 1 0
15867 0 0
15867 1 0
15870 0 0
15943 1 0
15944 0 0
16003 1 0
16003 0 0
16035 1 0
16050 0 0
16082 1 0
16082 0 0
16100 1 0
16100 0 0
16118 1 0
16118 0 0
16171 1 0
16171 0 0
16195 1 0
16195 0 0
16215 1 0
16215 0 0
16240 1 0
16241 0 0
16270 1 0
16290 0 0
16313 1 0
16313 0 0
16347 1 0
16347 0 0
16347 1 0
16347 0 0
16347 1 0
16348 0 0
16396 1 0
16396 0 0
16396 1 0
16396 0 0
16396 1 0
16398 0 0
16434 1 0
16437 0 0
16468 1 0
16469 0 0
16478 1 0
16479 0 0
16488 1 0
16489 0 0
16498 1 0
16499 0 0
16508 1 0
16509 0 0
16568 1 0
16568 0 0
16568 1 0
16569 0 0
16603 1 0
16603 0 0
16603 1 0
16605 0 0
16641 1 0
16641 0 0
16641 1 0
16642 0 0
16678 1 0
16678 0 0
16678 1 0
16679 0 0
16716 1 0
16716 0 0
16716 1 0
16717 0 0
16752 1 0
16752 0 0
16752 1 0
16753 0 0
16795 1 0
16795 0 0
16824 1 0
16824 0 0
16864 1 0
16865 0 0
16894 1 0
16895 0 0
16907 1 0
16909 0 0
16919 1 0
16920 0 0
16931 1 0
16932 0 0
16964 1 0
16965 0 0
16990 1 0
16991 0 0
17033 1 0
17034 0 0
17047 1 0
17048 0 0
17059 1 0
17060 0 0
17071 1 0
17072 0 0
17083 1 0
17084 0 0
17156 1 0
17156 0 0
17181 1 0
17181 0 0
17202 1 0
17202 0 0
17222 1 0
17222 0 0
17244 1 0
17244 0 0
17265 1 0
17265 0 0
17286 1 0
17286 0 0
17297 1 0
17297 0 0
17322 1 0
17335 0 0
17345 1 0
17359 0 0
17369 1 0
17369 0 0
17391 1 0
17391 0 0
17472 1 0
17472 0 0
17545 1 0
17545 0 0
17570 1 0
17570 0 0
17598 1 0
17598 0 0
17620 1 0
17620 0 0
17633 1 0
17633 0 0
17655 1 0
17655 0 0
17682 1 0
17682 0 0
17709 1 0
17709 0 0
17729 1 0
17741 0 0
17775 1 0
17775 0 0
17831 1 0
17831 0 0
17840 1 0
17840 0 0
17875 1 0
17885 0 0
17890 1 0
17890 0 0
17890 1 0
17890 0 0
17890 1 0
17892 0 0
17997 1 0
17998 0 0
18020 1 0
18021 0 0
18029 1 0
18029 0 0
18088 1 0
18088 0 0
18110 1 0
18110 0 0
18167 1 0
18167 0 0
18186 1 0
18186 0 0
18247 1 0
18247 0 0
18256 1 0
18256 0 0
18335 1 0
18335 0 0
18371 1 0
18371 0 0
18371 1 0
18371 0 0
18371 1 0
18373 0 0
18476 1 0
18476 0 0
18484 1 0
18484 0 0
18493 1 0
18493 0 0
18525 1 0
18525 0 0
18525 1 0
18525 0 0
18525 1 0
18529 0 0
18625 1 0
18635 0 0
18649 1 0
18649 0 0
18669 1 0
18669 0 0
18687 1 0
18688 0 0
18731 1 0
18731 0 0
18731 1 0
18731 0 0
18731 1 0
18735 0 0
18802 1 0
18893 0 0
18959 1 0
18959 0 0
19031 1 0
19031 0 0
19031 1 0
19031 0 0
19031 1 0
19032 0 0
19175 1 0
19175 0 0
19175 1 0
19175 0 0
19175 1 0
19179 0 0
19188 1 0
19205 0 0
19232 1 0
19232 0 0
19232 1 0
19232 0 0
19232 1 0
19233 0 0
19258 1 0
19283 0 0
19289 1 0
19289 0 0
19289 1 0
19289 0 0
19289 1 0
19293 0 0
19349 1 0
19349 0 0
19388 1 0
19401 0 0
19409 1 0
19418 0 0
19433 1 0
19449 0 0
19470 1 0
19487 0 0
19508 1 0
19519 0 0
19533 1 0
19543 0 0
19558 1 0
19562 0 0
19571 1 0
19579 0 0
19579 1 0
19581 0 0
19602 1 0
19608 0 0
19614 1 0
19621 0 0
19659 1 0
19678 0 0
19684 1 0
19696 0 0
19734 1 0
19751 0 0
19767 1 0
19785 0 0
19793 1 0
19816 0 0
19830 1 0
19837 0 0
19855 1 0
19864 0 0
19874 1 0
19883 0 0
19891 1 0
19900 0 0
19907 1 0
19914 0 0
19924 1 0
19939 0 0
19949 1 0
19978 0 0
19988 1 0
19998 0 0
20006 1 0
20015 0 0
20027 1 0
20039 0 0
20070 1 0
20070 0 0
20070 1 0
20070 0 0
20070 1 0
20084 0 0
20090 1 0
20095 0 0
20102 1 0
20108 0 0
20113 1 0
20133 0 0
20146 1 0
20155 0 0
20170 1 0
20184 0 0
20202 1 0
20218 0 0
20233 1 0
20241 0 0
20259 1 0
20271 0 0
20278 1 0
20297 0 0
20318 1 0
20334 0 0
20359 1 0
20384 0 0
20409 1 0
20421 0 0
20433 1 0
20446 0 0
20459 1 0
20472 0 0
20485 1 0
20497 0 0
20521 1 0
20533 0 0
20546 1 0
20552 0 0
20571 1 0
20581 0 0
20596 1 0
20606 0 0
20622 1 0
20636 0 0
20664 1 0
20672 0 0
20678 1 0
20685 0 0
20685 1 0
20703 0 0
20705 1 0
20709 0 0
20720 1 0
20734 0 0
20743 1 0
20771 0 0
20796 1 0
20808 0 0
20814 1 0
20821 0 0
20834 1 0
20853 0 0
20871 1 0
20897 0 0
20914 1 0
20934 0 0
20945 1 0
20972 0 0
20985 1 0
20997 0 0
21009 1 0
21022 0 0
21035 1 0
21048 0 0
21060 1 0
21072 0 0
21085 1 0
21100 0 0
21115 1 0
21124 0 0
21130 1 0
21136 0 0
21145 1 0
21147 0 0
21152 1 0
21157 0 0
21175 1 0
21190 0 0
21196 1 0
21215 0 0
21221 1 0
21234 0 0
21248 1 0
21252 0 0
21256 1 0
21259 0 0
21272 1 0
21293 0 0
21323 1 0
21323 0 0
21360 1 0
21361 0 0
21382 1 0
21394 0 0
21410 1 0
21429 0 0
21451 1 0
21468 0 0
21490 1 0
21504 0 0
21532 1 0
21541 0 0
21561 1 0
21571 0 0
21584 1 0
21592 0 0
21607 1 0
21622 0 0
21639 1 0
21651 0 0
21657 1 0
21669 0 0
21714 1 0
21780 0 0
21853 1 0
21858 0 0
21859 1 0
21862 0 0
21900 1 0
21935 0 0
21944 1 0
21989 0 0
22052 1 0
22134 0 0
22149 1 0
22160 0 0
22179 1 0
22218 0 0
22272 1 0
22286 0 0
22315 1 0
22341 0 0
22384 1 0
22452 0 0
22487 1 0
22498 0 0
22528 1 0
22557 0 0
22591 1 0
22603 0 0
22619 1 0
22639 0 0
22678 1 0
22695 0 0
22714 1 0
22735 0 0
22763 1 0
22788 0 0
22823 1 0
22856 0 0
22917 1 0
22934 0 0
22965 1 0
22991 0 0
23019 1 0
23036 0 0
23045 1 0
23045 0 0
23049 1 0
23058 0 0
23104 1 0
23104 0 0
23112 1 0
23128 0 0
23130 1 0
23150 0 0
23172 1 0
23185 0 0
23199 1 0
23207 0 0
23221 1 0
23230 0 0
23239 1 0
23255 0 0
23303 1 0
23341 0 0
23345 1 0
23359 0 0
23381 1 0
23396 0 0
23403 1 0
23408 0 0
23439 1 0
23460 0 0
23490 1 0
23506 0 0
23526 1 0
23564 0 0
23606 1 0
23621 0 0
23654 1 0
23669 0 0
23691 1 0
23704 0 0
23724 1 0
23736 0 0
23751 1 0
23753 0 0
23862 1 0
23866 0 0
23974 1 0
23982 0 0
24022 1 0
24053 0 0
24059 1 0
24067 0 0
24079 1 0
24088 0 0
24105 1 0
24116 0 0
24134 1 0
24145 0 0
24213 1 0
24215 0 0
24223 1 0
24223 0 0
24275 1 0
24275 0 0
24275 1 0
24275 0 0
24275 1 0
24278 0 0
24354 1 0
24355 0 0
24365 1 0
24365 0 0
24405 1 0
24405 0 0
24405 1 0
24405 0 0
24405 1 0
24407 0 0
24526 1 0
24726 0 0
24907 1 0
24907 0 0
24907 1 0
24907 0 0
24907 1 0
24912 0 0
25175 1 0
25189 0 0
25225 1 0
25244 0 0
25275 1 0
25294 0 0
25323 1 0
25341 0 0
25369 1 0
25388 0 0
25419 1 0
25438 0 0
