240
0 1 0
14 0 0
62 1 0
85 0 0
162 1 0
165 1 1
169 0 1
171 1 1
171 0 1
181 1 1
183 0 1
189 0 0
194 1 1
197 0 1
209 1 1
211 0 1
220 1 1
223 0 1
248 1 0
248 0 0
259 1 0
261 0 0
290 1 0
292 0 0
322 1 0
324 0 0
347 1 0
380 0 0
388 1 0
388 0 0
391 1 0
425 0 0
451 1 1
451 0 1
476 1 1
492 1 0
493 0 1
507 0 0
522 1 1
540 0 1
550 1 0
550 0 0
559 1 0
559 0 0
586 1 0
586 0 0
622 1 0
622 0 0
633 1 0
633 0 0
660 1 0
664 0 0
736 1 0
736 0 0
801 1 0
801 0 0
814 1 0
814 0 0
882 1 0
931 0 0
1017 1 0
1018 0 0
1052 1 1
1052 1 0
1063 0 0
1063 0 1
1082 1 0
1082 1 1
1092 0 1
1092 0 0
1109 1 0
1109 1 1
1120 0 0
1120 0 1
1139 1 0
1139 1 1
1149 0 1
1149 0 0
1167 1 0
1167 1 1
1178 0 0
1178 0 1
1196 1 0
1196 1 1
1206 0 0
1206 0 1
1224 1 0
1224 1 1
1235 0 0
1235 0 1
1254 1 0
1254 1 1
1264 0 0
1264 0 1
1281 1 0
1281 1 1
1292 0 1
1292 0 0
1311 1 1
1311 1 0
1321 0 1
1321 0 0
1339 1 0
1339 1 1
1350 0 1
1350 0 0
1410 1 0
1410 0 0
1447 1 0
1447 0 0
1477 1 0
1509 0 0
1546 1 0
1546 0 0
1562 1 0
1562 0 0
1597 1 0
1597 0 0
1662 1 0
1681 0 0
1695 1 1
1698 0 1
1722 1 1
1722 0 1
1724 1 0
1724 0 0
1752 1 0
1752 1 1
1752 0 0
1752 0 1
1780 1 0
1780 1 1
1780 0 0
1780 0 1
1809 1 0
1809 1 1
1809 0 0
1809 0 1
1837 1 0
1837 0 0
1838 1 1
1838 0 1
1865 1 0
1865 0 0
1867 1 1
1867 0 1
1925 1 0
1938 0 0
1999 1 0
2030 0 0
2067 1 1
2067 0 1
2086 1 1
2086 0 1
2086 1 1
2086 0 1
2086 1 1
2086 0 1
2095 1 0
2109 0 0
2143 1 0
2174 0 0
2210 1 1
2210 0 1
2230 1 1
2230 0 1
2230 1 1
2230 0 1
2230 1 1
2230 0 1
2239 1 0
2253 0 0
2285 1 0
2317 0 0
2345 1 1
2345 0 1
2357 1 1
2357 0 1
2357 1 1
2357 0 1
2357 1 1
2357 0 1
2396 1 0
2396 0 0
2408 1 0
2477 0 0
2494 1 0
2494 0 0
2508 1 0
2508 0 0
2547 1 0
2547 0 0
2565 1 0
2565 0 0
2606 1 0
2606 0 0
2664 1 0
2717 0 0
2748 1 0
2750 0 0
2796 1 0
2831 0 0
2840 1 0
2842 0 0
2898 1 0
2900 0 0
2949 1 0
3023 0 0
3024 1 0
3024 0 0
3053 1 0
3053 0 0
3082 1 0
3084 0 0
3141 1 0
3175 0 0
3175 1 0
3200 0 0
3217 1 0
3217 0 0
3236 1 0
3236 0 0
3264 1 0
3264 0 0
3293 1 0
3293 0 0
3322 1 0
3322 0 0
3354 1 0
3373 0 0
3405 1 0
3405 0 0
3443 1 0
3443 0 0
3515 1 0
3546 0 0
3561 1 1
3612 0 1
3614 1 0
3626 0 0
3685 1 0
3701 1 1
3712 0 1
3718 0 0
3762 1 1
3779 0 1
3781 1 0
3787 0 0
3807 1 1
3823 0 1
3851 1 1
3851 1 0
3867 0 1
3874 0 0
3906 1 1
3906 0 1
3927 1 1
3927 1 0
3940 0 1
3940 0 0
3973 1 0
3973 1 1
4004 0 0
4004 0 1
4071 1 0
4071 1 1
4072 0 0
4072 0 1
4108 1 1
4108 0 1
4109 1 0
4109 0 0
4133 1 1
4133 0 1
4134 1 0
4134 0 0
4162 1 1
4173 0 1
4190 1 1
4190 0 1
4219 1 0
4219 1 1
4219 0 1
4219 0 0
4219 1 1
4219 1 0
4219 0 1
4219 0 0
4219 1 0
4219 1 1
4241 0 0
4241 0 1
4284 1 0
4284 1 1
4312 0 1
4312 0 0
4315 1 0
4315 1 1
4315 0 0
4315 0 1
4343 1 0
4343 1 1
4346 0 1
4346 0 0
4366 1 1
4366 0 1
4366 1 1
4366 0 1
4366 1 1
4366 0 1
4398 1 0
4420 0 0
4420 1 0
4464 0 0
4468 1 0
4477 0 0
4556 1 0
4556 0 0
4556 1 0
4556 0 0
4556 1 0
4559 0 0
4708 1 0
4708 0 0
4708 1 0
4708 0 0
4708 1 0
4709 0 0
4836 1 0
4836 0 0
4836 1 0
4836 0 0
4836 1 0
4842 0 0
4998 1 0
4998 0 0
4998 1 0
4998 0 0
4998 1 0
5000 0 0
5143 1 0
5143 0 0
5143 1 0
5143 0 0
5143 1 0
5148 0 0
5288 1 0
5288 0 0
5288 1 0
5288 0 0
5288 1 0
5289 0 0
5413 1 0
5413 0 0
5413 1 0
5413 0 0
5413 1 0
5414 0 0
5571 1 0
5571 0 0
5571 1 0
5571 0 0
5571 1 0
5572 0 0
5717 1 0
5717 0 0
5717 1 0
5717 0 0
5717 1 0
5723 0 0
5744 1 0
5745 0 0
5746 1 0
5747 0 0
5854 1 0
5854 0 0
5854 1 0
5854 0 0
5854 1 0
5858 0 0
6012 1 0
6012 0 0
6012 1 0
6012 0 0
6012 1 0
6016 0 0
6175 1 0
6175 0 0
6179 1 0
6186 0 0
6231 1 0
6271 0 0
6345 1 0
6345 0 0
6345 1 0
6345 0 0
6349 1 0
6349 0 0
6402 1 0
6402 0 0
6403 1 0
6403 0 0
6403 1 0
6403 0 0
6421 1 1
6422 0 1
6449 1 0
6449 0 0
6449 1 0
6449 0 0
6466 1 0
6466 0 0
6469 1 1
6469 0 1
6470 1 1
6470 0 1
6480 1 0
6490 1 1
6490 0 1
6499 0 0
6526 1 0
6526 0 0
6546 1 0
6546 0 0
6547 1 0
6547 0 0
6573 1 0
6573 0 0
6642 1 0
6642 0 0
6643 1 0
6643 0 0
6643 1 0
6643 0 0
6755 1 0
6755 0 0
6790 1 0
6795 0 0
6808 1 0
6808 1 1
6825 0 0
6825 0 1
6853 1 1
6853 1 0
6871 0 0
6871 0 1
6907 1 1
6907 1 0
6914 0 0
6914 0 1
6935 1 0
6935 1 1
6949 0 0
6949 0 1
6954 1 0
6954 1 1
6966 0 0
6966 0 1
6978 1 0
6978 1 1
6995 0 1
6995 0 0
7015 1 0
7021 1 1
7029 0 0
7029 0 1
7032 1 0
7032 1 1
7043 0 0
7043 0 1
7079 1 0
7079 1 1
7086 0 0
7086 0 1
7143 1 1
7143 1 0
7153 0 0
7159 0 1
7170 1 0
7170 1 1
7180 0 1
7183 0 0
7205 1 0
7205 1 1
7210 0 1
7210 0 0
7252 1 0
7252 1 1
7265 0 1
7265 0 0
7270 1 0
7270 1 1
7278 0 0
7278 0 1
7316 1 0
7316 1 1
7318 0 0
7318 0 1
7366 1 0
7370 1 1
7376 0 1
7376 0 0
7380 1 0
7380 1 1
7393 0 1
7393 0 0
7415 1 1
7416 1 0
7423 0 0
7423 0 1
7441 1 1
7441 1 0
7454 0 1
7454 0 0
7481 1 0
7484 1 1
7491 0 1
7491 0 0
7509 1 0
7510 1 1
7526 0 1
7526 0 0
7538 1 1
7538 1 0
7554 0 1
7554 0 0
7596 1 0
7599 1 1
7606 0 1
7606 0 0
7625 1 0
7625 1 1
7642 0 1
7642 0 0
7654 1 0
7654 1 1
7668 0 1
7668 0 0
7705 1 0
7738 0 0
7789 1 0
7789 0 0
7789 1 0
7789 0 0
7789 1 0
7813 0 0
7893 1 0
7893 0 0
7906 1 0
7906 0 0
7906 1 0
7907 0 0
7939 1 0
7939 0 0
7964 1 0
7964 0 0
8002 1 0
8002 0 0
8022 1 0
8022 0 0
8022 1 0
8023 0 0
8057 1 0
8057 0 0
8086 1 0
8086 0 0
8086 1 0
8087 0 0
8129 1 0
8129 0 0
8145 1 1
8145 0 1
8145 1 1
8146 0 1
8152 1 0
8153 0 0
8168 1 0
8176 0 0
8184 1 0
8186 1 1
8186 0 1
8186 1 1
8187 0 1
8192 0 0
8200 1 0
8208 0 0
8213 1 1
8213 0 1
8216 1 0
8224 0 0
8231 1 1
8231 0 1
8231 1 1
8232 0 1
8232 1 0
8240 0 0
8248 1 0
8256 0 0
8264 1 0
8269 1 1
8269 0 1
8272 0 0
8280 1 0
8288 0 0
8296 1 0
8304 0 0
8312 1 0
8320 0 0
8328 1 0
8336 0 0
8344 1 0
8352 0 0
8357 1 1
8357 0 1
8357 1 1
8357 0 1
8360 1 0
8368 0 0
8368 1 0
8369 0 0
8377 1 0
8385 0 0
8393 1 0
8401 0 0
8409 1 0
8409 1 1
8409 0 1
8409 1 1
8412 0 1
8417 0 0
8425 1 0
8433 0 0
8441 1 0
8449 0 0
8449 1 1
8449 0 1
8449 1 1
8449 0 1
8457 1 0
8465 0 0
8473 1 0
8474 1 1
8474 0 1
8474 1 1
8474 0 1
8481 0 0
8489 1 0
8497 0 0
8506 1 0
8514 0 0
8530 1 1
8530 0 1
8530 1 1
8531 0 1
8541 1 0
8564 1 1
8564 0 1
8568 0 0
8577 1 1
8577 0 1
8577 1 1
8578 0 1
8590 1 0
8614 0 0
8619 1 1
8619 0 1
8619 1 1
8619 0 1
8639 1 0
8657 1 1
8657 0 1
8662 0 0
8678 1 1
8678 0 1
8678 1 1
8678 0 1
8694 1 0
8695 0 0
8704 1 0
8715 0 0
8719 1 0
8725 1 1
8725 0 1
8730 0 0
8735 1 0
8738 0 0
8743 1 1
8743 0 1
8743 1 1
8744 0 1
8751 1 0
8756 0 0
8766 1 0
8777 0 0
8780 1 0
8787 1 1
8787 0 1
8787 1 1
8788 0 1
8795 0 0
8809 1 0
8813 0 0
8819 1 1
8819 0 1
8819 1 1
8820 0 1
8823 1 0
8834 0 0
8837 1 0
8846 0 0
8851 1 0
8851 1 1
8851 0 1
8851 1 1
8852 0 1
8854 0 0
8866 1 0
8871 0 0
8881 1 0
8883 1 1
8883 0 1
8883 1 1
8884 0 1
8891 0 0
8894 1 0
8906 0 0
8913 1 1
8913 0 1
8913 1 1
8913 0 1
8914 1 0
8933 0 0
8945 1 0
8955 1 1
8955 0 1
8955 1 1
8955 0 1
8961 0 0
8972 1 1
8972 0 1
8984 1 0
8996 0 0
9001 1 1
9001 0 1
9001 1 1
9002 0 1
9012 1 0
9026 0 0
9049 1 0
9075 0 0
9080 1 1
9080 0 1
9080 1 1
9083 0 1
9115 1 0
9116 0 0
9142 1 1
9142 0 1
9142 1 1
9142 0 1
9146 1 0
9148 0 0
9159 1 1
9159 0 1
9159 1 1
9160 0 1
9167 1 0
9189 1 1
9189 0 1
9189 1 1
9190 0 1
9193 0 0
9246 1 0
9248 0 0
9254 1 1
9254 0 1
9254 1 1
9254 0 1
9256 1 1
9256 0 1
9256 1 1
9257 0 1
9264 1 0
9279 1 1
9279 0 1
9279 1 1
9280 0 1
9280 0 0
9309 1 0
9309 0 0
9309 1 0
9309 0 0
9331 1 1
9331 0 1
9363 1 1
9363 0 1
9363 1 1
9364 0 1
9378 1 0
9378 0 0
9378 1 0
9378 0 0
9378 1 0
9382 0 0
9396 1 1
9396 0 1
9422 1 1
9422 0 1
9422 1 1
9425 0 1
9447 1 1
9447 0 1
9447 1 1
9448 0 1
9488 1 1
9488 0 1
9500 1 0
9500 1 1
9500 0 1
9500 1 1
9503 0 1
9503 0 0
9523 1 0
9523 0 0
9537 1 0
9578 0 0
9593 1 0
9593 0 0
9623 1 0
9626 0 0
9646 1 0
9649 0 0
9669 1 0
9672 0 0
9692 1 0
9695 0 0
9731 1 0
9731 0 0
9777 1 0
9777 0 0
9798 1 0
9798 0 0
9810 1 0
9831 0 0
9860 1 0
9863 0 0
9883 1 0
9886 0 0
9907 1 0
9910 0 0
9930 1 0
9933 0 0
9953 1 0
9956 0 0
9986 1 0
9986 0 0
10045 1 0
10045 0 0
10045 1 0
10045 0 0
10045 1 0
10047 0 0
10076 1 0
10076 0 0
10078 1 0
10079 0 0
10111 1 0
10132 0 0
10140 1 0
10148 0 0
10149 1 0
10149 0 0
10170 1 0
10173 0 0
10245 1 0
10245 0 0
10251 1 0
10253 0 0
10266 1 0
10269 0 0
10282 1 0
10284 0 0
10296 1 0
10299 0 0
10309 1 0
10314 0 0
10323 1 0
10335 0 0
10338 1 0
10345 0 0
10388 1 0
10402 0 0
10417 1 0
10436 0 0
10466 1 0
10488 0 0
10526 1 0
10547 0 0
10572 1 0
10585 0 0
10597 1 0
10635 0 0
10690 1 0
10705 0 0
10728 1 0
10742 0 0
10742 1 0
10744 0 0
10786 1 0
10789 1 1
10802 0 0
10840 0 1
10842 1 0
10879 0 0
10889 1 1
10901 0 1
10906 1 0
10923 0 0
10926 1 1
10939 0 1
10946 1 0
10989 0 0
11006 1 1
11011 1 0
11035 0 1
11036 0 0
11038 1 0
11045 0 0
11045 1 1
11059 0 1
11065 1 0
11075 0 0
11082 1 1
11125 0 1
11128 1 1
11132 0 1
11132 1 0
11143 0 0
11144 1 0
11147 1 1
11175 0 1
11175 0 0
11178 1 1
11183 1 0
11183 0 1
11183 1 1
11186 0 1
11196 0 0
11205 1 1
11214 0 1
11219 1 0
11264 0 0
11267 1 1
11287 0 1
11287 1 1
11288 1 0
11313 0 1
11313 0 0
11316 1 0
11325 0 0
11325 1 1
11341 0 1
11349 1 0
11385 0 0
11477 1 1
11477 1 0
11477 0 1
11477 0 0
11547 1 0
11547 0 0
11547 1 1
11547 0 1
11616 1 1
11616 1 0
11616 0 1
11616 0 0
11685 1 1
11685 1 0
11685 0 1
11685 0 0
11716 1 0
11717 0 0
11818 1 0
11821 1 1
11829 0 0
11845 0 1
11852 1 1
11852 1 0
11859 0 0
11861 0 1
11867 1 0
11868 1 1
11875 0 0
11876 0 1
11883 1 1
11883 1 0
11890 0 0
11897 1 0
11899 0 1
11906 0 0
11907 1 1
11913 1 0
11914 0 1
11921 0 0
11922 1 1
11929 1 0
11930 0 1
11937 0 0
11938 1 1
11944 1 0
11945 0 1
11952 0 0
11953 1 1
11959 1 0
11960 0 1
11966 0 0
11968 1 1
11973 1 0
11976 0 1
11980 0 0
11983 1 1
11988 1 0
11991 0 1
11995 0 0
11998 1 1
12004 1 0
12007 0 1
12011 0 0
12014 1 1
12019 1 0
12022 0 1
12029 1 1
12033 0 0
12034 0 1
12041 1 0
12049 0 0
12052 1 1
12052 0 1
12056 1 0
12065 0 0
12072 1 0
12080 0 0
12083 1 1
12083 0 1
12098 1 0
12098 1 1
12102 0 0
12104 0 1
12116 1 0
12117 1 1
12123 0 1
12123 0 0
12128 1 0
12128 0 0
12129 1 1
12129 0 1
12140 1 0
12141 1 1
12157 0 0
12159 0 1
12170 1 0
12172 1 1
12188 0 0
12190 0 1
12201 1 0
12203 1 1
12219 0 0
12221 0 1
12232 1 0
12234 1 1
12250 0 0
12251 0 1
12263 1 0
12264 1 1
12281 0 0
12282 0 1
12293 1 0
12295 1 1
12311 0 0
12313 0 1
12324 1 0
12326 1 1
12342 0 0
12342 0 1
12342 1 1
12344 0 1
12363 1 0
12365 1 1
12377 0 0
12380 0 1
12385 1 1
12398 0 1
12414 1 1
12415 1 0
12415 0 0
12431 0 1
12432 1 0
12432 0 0
12445 1 1
12451 1 0
12451 0 0
12460 0 1
12471 1 0
12471 0 0
12477 1 1
12486 1 0
12486 0 0
12491 0 1
12507 1 1
12510 1 0
12510 0 0
12522 0 1
12529 1 0
12529 0 0
12537 1 1
12549 1 0
12549 0 0
12553 0 1
12568 1 0
12568 0 0
12571 1 1
12582 1 0
12582 0 0
12584 0 1
12599 1 1
12603 1 0
12603 0 0
12614 0 1
12621 1 0
12621 0 0
12630 1 1
12641 1 0
12641 0 0
12645 0 1
12655 1 0
12655 0 0
12661 1 1
12675 1 0
12675 0 0
12677 0 1
12694 1 0
12694 0 0
12713 1 0
12713 0 0
12732 1 0
12732 0 0
12746 1 0
12746 0 0
12766 1 0
12766 0 0
12771 1 1
12786 1 0
12786 0 0
12795 0 1
12805 1 0
12805 0 0
12820 1 0
12820 0 0
12833 1 1
12839 1 0
12839 0 0
12857 0 1
12858 1 0
12858 0 0
12875 1 0
12875 0 0
12893 1 0
12893 0 0
12894 1 1
12902 0 1
12903 1 1
12911 0 1
12917 1 0
12917 0 0
12923 1 1
12932 0 1
12932 1 1
12932 1 0
12933 0 0
12938 0 1
12954 1 0
12954 0 0
12954 1 0
12955 0 0
12972 1 1
12994 0 1
13001 1 0
13006 0 0
13033 1 1
13033 0 1
13059 1 0
13060 0 0
13060 1 1
13060 0 1
13061 1 0
13061 0 0
13063 1 0
13064 0 0
13081 1 1
13089 0 1
13090 1 1
13091 0 1
13114 1 0
13123 1 1
13126 0 0
13130 0 1
13131 1 1
13132 0 1
13146 1 1
13146 0 1
13146 1 1
13146 0 1
13150 1 0
13152 0 0
13155 1 1
13155 0 1
13179 1 0
13180 0 0
13183 1 1
13183 0 1
13212 1 1
13213 0 1
13251 1 0
13259 1 1
13275 0 1
13283 0 0
13302 1 0
13321 1 1
13328 0 0
13330 0 1
13348 1 0
13375 0 0
13379 1 1
13392 0 1
13394 1 0
13420 0 0
13440 1 0
13440 1 1
13453 0 1
13468 0 0
13486 1 0
13500 1 1
13500 0 1
13513 0 0
13521 1 1
13521 0 1
13544 1 1
13544 0 1
13546 1 0
13551 0 0
13599 1 1
13599 0 1
13622 1 1
13622 0 1
13622 1 1
13622 0 1
13622 1 1
13623 0 1
13623 1 0
13624 0 0
13655 1 0
13656 0 0
13674 1 1
13674 0 1
13682 1 1
13682 0 1
13685 1 0
13686 0 0
13714 1 1
13714 0 1
13714 1 1
13714 0 1
13714 1 1
13714 0 1
13717 1 0
13718 0 0
13749 1 0
13750 0 0
13766 1 1
13766 0 1
13774 1 1
13774 0 1
13780 1 0
13781 0 0
13792 1 0
13795 0 0
13804 1 1
13804 0 1
13816 1 0
13817 0 0
13838 1 1
13838 0 1
13844 1 0
13845 0 0
13862 1 1
13867 1 0
13885 0 1
13886 1 1
13886 0 1
13895 0 0
13899 1 1
13899 0 1
13900 1 1
13900 0 1
13907 1 0
13916 0 0
13924 1 0
13931 1 1
13932 0 0
13940 1 0
13947 0 0
13954 1 0
13962 0 0
13970 1 0
13977 0 1
13978 0 0
13986 1 0
13990 1 1
13994 0 0
14001 1 0
14004 0 1
14008 0 0
14016 1 0
14017 1 1
14022 0 0
14023 0 1
14042 1 0
14042 0 0
14051 1 1
14056 1 0
14057 0 0
14067 0 1
14072 1 1
14081 0 1
14096 1 1
14102 0 1
14113 1 0
14113 0 0
14124 1 1
14135 1 0
14135 0 0
14135 1 0
14135 0 0
14135 1 0
14136 0 0
14141 0 1
14149 1 1
14159 0 1
14176 1 1
14189 1 0
14189 0 0
14194 0 1
14197 1 0
14197 0 0
14199 1 1
14219 0 1
14225 1 1
14227 1 0
14227 0 0
14227 1 0
14227 0 0
14227 1 0
14228 0 0
14234 0 1
14252 1 1
14262 0 1
14281 1 0
14281 0 0
14287 1 1
14289 1 0
14289 0 0
14313 0 1
14316 1 0
14317 0 0
14327 1 1
14340 0 1
14356 1 1
14371 0 1
14375 1 0
14375 0 0
14395 1 1
14397 1 0
14397 0 0
14397 1 0
14397 0 0
14397 1 0
14398 0 0
14406 0 1
14430 1 1
14447 0 1
14456 1 1
14469 0 1
14487 1 1
14489 1 0
14489 0 0
14489 1 0
14489 0 0
14489 1 0
14490 0 0
14496 0 1
14513 1 1
14526 0 1
14549 1 0
14554 0 0
14574 1 1
14574 0 1
14583 1 1
14583 0 1
14594 1 0
14594 0 0
14600 1 1
14608 0 1
14631 1 0
14631 0 0
14634 1 1
14654 0 1
14666 1 0
14674 0 0
14698 1 0
14698 0 0
14708 1 1
14708 0 1
14712 1 0
14721 0 0
14727 1 1
14746 1 0
14754 0 0
14764 0 1
14767 1 1
14780 0 1
14794 1 1
14796 1 0
14799 0 0
14810 0 1
14815 1 1
14830 0 1
14831 1 0
14831 0 0
14845 1 1
14849 1 0
14851 0 0
14864 0 1
14874 1 1
14891 1 0
14893 0 0
14902 0 1
14902 1 1
14902 0 1
14904 1 1
14905 0 1
14912 1 1
14925 0 1
14928 1 0
14938 1 1
14941 0 0
14950 0 1
14950 1 1
14960 0 1
14968 1 1
14975 0 1
14981 1 0
14988 1 1
14995 0 0
15014 1 0
15019 0 1
15022 1 1
15027 0 0
15031 0 1
15035 1 1
15040 1 0
15042 0 0
15046 0 1
15050 1 1
15052 1 0
15052 0 0
15053 1 0
15053 0 0
15061 1 0
15063 0 1
15080 0 0
15080 1 1
15083 0 1
15090 1 1
15093 0 1
15094 1 1
15095 1 0
15095 1 1
15109 0 0
15114 0 1
15118 1 1
15132 0 1
15135 1 0
15135 0 0
15136 1 0
15140 0 0
15147 1 1
15155 1 0
15156 0 1
15160 1 1
15163 0 1
15171 0 0
15177 1 1
15183 0 1
15192 1 0
15201 1 1
15206 0 0
15212 0 1
15223 1 1
15227 0 1
15232 1 1
15239 0 1
15243 1 0
15243 0 0
15244 1 0
15246 0 0
15265 1 0
15265 1 1
15270 0 1
15279 1 1
15284 0 0
15284 0 1
15299 1 1
15304 0 1
15307 1 0
15319 1 1
15322 0 0
15332 0 1
15336 1 1
15347 1 0
15348 0 1
15353 1 1
15365 0 0
15368 0 1
15373 1 1
15385 0 1
15394 1 0
15407 1 1
15407 0 1
15413 0 0
15416 1 1
15416 0 1
15428 1 0
15429 1 1
15429 0 1
15441 1 1
15478 0 0
15483 0 1
15501 1 1
15509 1 0
15511 0 1
15522 1 1
15522 0 1
15534 0 0
15539 1 1
15539 0 1
15541 1 1
15543 1 0
15562 0 0
15577 1 0
15582 0 1
15583 1 1
15601 0 0
15602 0 1
15621 1 0
15622 1 1
15622 0 1
15642 0 0
15648 1 1
15648 0 1
15648 1 1
15648 0 1
15648 1 1
15649 0 1
15661 1 0
15681 0 0
15692 1 1
15692 0 1
15703 1 0
15712 1 1
15713 0 1
15716 0 0
15729 1 0
15736 1 1
15736 0 1
15742 0 0
15745 1 1
15746 0 1
15755 1 0
15766 1 1
15768 0 1
15768 0 0
15781 1 0
15790 1 1
15790 0 1
15793 0 0
15796 1 0
15796 0 0
15796 1 0
15796 0 0
15814 1 0
15816 0 0
15816 1 1
15816 0 1
15840 1 1
15841 0 1
15863 1 0
15863 0 0
15908 1 0
15912 1 1
15997 0 1
16008 0 0
16039 1 0
16039 1 1
16075 0 0
16085 0 1
16123 1 0
16137 1 1
16150 0 0
16165 0 1
16186 1 0
16202 1 1
16207 0 0
16224 0 1
16236 1 0
16243 0 0
16243 1 0
16252 0 0
16257 1 1
16274 0 1
16275 1 0
16287 0 0
16289 1 1
16293 0 1
16303 1 0
16303 1 1
16309 0 0
16312 0 1
16313 1 0
16318 0 0
16321 1 1
16326 0 1
16349 1 0
16363 1 1
16382 0 0
16396 0 1
16413 1 0
16426 1 1
16432 0 0
16445 0 1
16450 1 0
16464 1 1
16467 0 0
16477 1 0
16481 0 1
16491 1 1
16501 0 0
16515 0 1
16523 1 0
16529 0 0
16537 1 1
16539 0 1
16539 1 1
16542 1 0
16543 0 1
16548 0 0
16556 1 1
16560 1 0
16562 0 1
16566 0 0
16575 1 1
16580 0 1
16585 1 0
16598 0 0
16599 1 1
16603 1 0
16612 0 1
16617 1 1
16622 0 0
16636 0 1
16641 1 0
16655 1 1
16660 0 0
16674 0 1
16678 1 0
16691 0 0
16692 1 1
16697 1 0
16705 0 1
16710 1 1
16715 0 0
16726 0 1
16726 1 1
16728 1 0
16729 0 1
16733 0 0
16742 1 1
16747 0 1
16752 1 0
16766 1 1
16771 0 0
16784 1 0
16785 0 1
16790 0 0
16798 1 1
16804 0 1
16808 1 0
16822 1 1
16827 0 0
16841 0 1
16846 1 0
16860 1 1
16866 0 0
16877 1 0
16877 0 0
16950 1 0
16954 0 0
16983 1 0
16983 0 0
16983 1 0
16984 0 0
16997 1 0
17002 0 0
17016 1 0
17016 0 0
17016 1 0
17016 0 0
17065 1 0
17065 0 0
17065 1 0
17069 0 0
17101 1 0
17114 0 0
17129 1 0
17144 0 0
17158 1 0
17174 0 0
17186 1 0
17203 0 0
17215 1 0
17233 0 0
17254 1 0
17255 0 0
17306 1 0
17306 0 0
17359 1 0
17359 0 0
17359 1 0
17359 0 0
17359 1 0
17360 0 0
17444 1 0
17444 0 0
17444 1 0
17444 0 0
17444 1 0
17447 0 0
17525 1 0
17525 0 0
17525 1 0
17525 0 0
17525 1 0
17526 0 0
17565 1 0
17658 0 0
17721 1 0
17722 0 0
17742 1 0
17742 0 0
17771 1 0
17797 0 0
17804 1 0
17804 0 0
17815 1 0
17824 0 0
17852 1 0
17852 0 0
17874 1 0
17874 0 0
17920 1 0
17920 0 0
17935 1 0
17935 0 0
17949 1 0
17949 0 0
17963 1 0
17963 0 0
17978 1 0
17978 0 0
17992 1 0
17992 0 0
18012 1 0
18013 0 0
18089 1 0
18121 0 0
18159 1 0
18167 0 0
18181 1 0
18181 0 0
18229 1 0
18230 0 0
18251 1 0
18252 0 0
18274 1 0
18281 0 0
18296 1 0
18303 0 0
18341 1 0
18356 0 0
18364 1 0
18366 0 0
18369 1 0
18371 0 0
18393 1 0
18394 0 0
18414 1 0
18416 0 0
18440 1 0
18441 0 0
18461 1 0
18462 0 0
18486 1 0
18487 0 0
18516 1 0
18517 0 0
18529 1 0
18530 0 0
18566 1 0
18567 0 0
18587 1 0
18588 0 0
18605 1 0
18606 0 0
18624 1 0
18625 0 0
18650 1 0
18651 0 0
18671 1 0
18673 0 0
18696 1 0
18697 0 0
18719 1 0
18720 0 0
18744 1 0
18745 0 0
18780 1 0
18797 0 0
18820 1 0
18822 0 0
18908 1 0
18910 0 0
18924 1 0
18944 0 0
18997 1 0
19032 0 0
19032 1 0
19032 0 0
19079 1 0
19079 0 0
19091 1 0
19091 0 0
19102 1 0
19102 0 0
19114 1 0
19114 0 0
19125 1 0
19125 0 0
19233 1 0
19234 0 0
19247 1 1
19247 1 0
19326 0 1
19327 0 0
19471 1 0
19471 1 1
19471 0 0
19471 0 1
19471 1 1
19471 1 0
19471 0 0
19471 0 1
19471 1 0
19471 1 1
19489 0 0
19489 0 1
19500 1 0
19500 1 1
19500 0 0
19500 0 1
19527 1 0
19527 1 1
19527 0 1
19527 0 0
